-1.0291,	0.97256,	1
1.0325,	-1.0188,	1
1.0261,	1.0343,	-1
0.98587,	0.97163,	-1
1.006,	-1.0311,	1
1.0009,	-1.0062,	1
0.99489,	1.0052,	-1
-0.96894,	1.018,	1
0.99215,	-1.0158,	1
-1.01,	1.0341,	1
0.98658,	-0.96133,	1
1.0417,	1.0039,	-1
1.039,	0.99091,	-1
-1.0254,	1.013,	1
0.99911,	-0.99912,	1
0.99423,	1.0039,	-1
1.0277,	0.97359,	-1
-1.001,	-0.95108,	-1
1.0129,	-1.025,	1
1.0117,	-0.98766,	1
1.0367,	1.0326,	-1
0.99128,	-0.97769,	1
0.98726,	-1.0202,	1
0.99546,	1.0048,	-1
0.97347,	-0.98892,	1
0.9796,	-0.98283,	1
-1.0098,	1.0148,	1
1.0436,	0.99963,	-1
-1.0135,	0.997,	1
1.0176,	-1.0179,	1
-1.0001,	-0.99846,	-1
-1.0076,	0.96201,	1
1.0185,	0.98197,	-1
-1.0171,	0.97146,	1
0.99817,	1.0024,	-1
-0.96354,	0.97881,	1
1.0086,	-1.042,	1
1.0046,	0.98188,	-1
-0.96769,	-0.9971,	-1
0.97916,	1.0216,	-1
-0.99636,	0.99707,	1
0.97943,	-0.99339,	1
1.0069,	-0.99028,	1
1.0043,	-0.98589,	1
0.99789,	-0.9908,	1
-0.99778,	-0.98939,	-1
1.0005,	0.96257,	-1
-1.0223,	-1.0089,	-1
-0.9838,	-0.97717,	-1
0.98311,	-1.0431,	1